[WhichInterestsStyle.SolveProblem: ["Human Body" : [319091, 353041, 359011, 359099, 352015, 352012, 352014, 353021, 351011, 352021, 353022, 352019, 319094, 352011, 319092, 319011, 353011, 352013, 359031],


"Environment" : [512092, 514081, 454021, 519083, 513091, 519082, 193092, 519081, 512031, 514021, 514032, 512099, 514122, 513099, 452091, 514071, 513011, 512091, 514051, 454023, 514035, 512093, 193093, 512021, 514061, 514191, 514022, 373011, 514193, 514111, 452021, 454011, 514072, 193011, 512011, 193091, 514052, 514034, 519071, 513021, 513092, 373013, 513093, 514011, 514012, 514023, 452092, 454022, 514041, 373012, 452099, 514062, 512022, 452093, 514031, 514033, 512041, 512023],

"Transportation" : [537011, 537064, 533022, 537063, 537051, 537081, 533033, 532031, 533021, 537061, 537021, 537033, 537032, 537062, 532012, 537041, 537031, 533032, 532011, 532021, 533031],

"Architecture" : [474041, 173026, 512092, 473014, 172031, 172121, 514081, 474011, 493011, 519083, 472131, 513091, 473011, 173023, 499051, 472051, 519082, 274012, 493042, 173027, 499071, 493021, 172011, 519081, 512031, 514021, 514032, 512099, 514122, 473015, 172071, 513099, 173013, 514071, 472221, 274014, 472061, 513011, 472011, 499052, 173024, 512091, 472121, 472132, 514051, 172041, 514035, 171021, 472071, 472111, 512093, 493023, 512021, 171012, 492095, 492096, 472021, 514061, 514191, 492093, 492091, 514022, 493043, 472053, 492092, 514193, 514111, 473019, 472171, 493041, 472022, 172111, 474091, 514072, 499062, 274031, 499043, 173022, 172051, 474021, 512011, 472044, 473016, 274032, 514052, 472031, 472072, 472073, 493031, 499044, 514034, 519071, 499021, 172021, 513021, 513092, 499041, 513093, 493022, 473013, 473012, 514011, 472082, 514012, 472042, 514023, 173012, 173011, 492094, 514041, 172061, 514062, 472041, 512022, 171011, 173025, 514031, 514033, 172081, 172072, 173021, 172112, 172141, 512041, 274011, 472043, 172131, 512023, 173019, 472081],

"Teaching" : [254012, 151143, 251194, 193092, 259031, 151152, 252032, 151131, 253011, 254011, 252031, 151151, 151121, 193093, 152011, 252012, 254031, 193011, 151122, 254013, 193091, 151111, 252021, 254021, 252022, 252023, 152021, 151141]
],

WhichInterestsStyle.UnderstandProblem: [
"Human Body" : [194021, 193092, 131022, 194091, 194092, 132021, 131023, 131131, 131021, 194031, 193093, 131075, 194011, 131081, 193011, 193091, 132061, 131032, 132053, 131051, 132031, 131031, 131141, 131161, 132051, 131071, 131111, 194041, 132072, 131121, 132011]

"Environment" : [173026, 194021, 172031, 172121, 454021, 173023, 193092, 173027, 172011, 194091, 172071, 194092, 173013, 173024, 454023, 194031, 172041, 171021, 193093, 171012, 194011, 172111, 193011, 173022, 172051, 193091, 172021, 173012, 454022, 173011, 172061, 171011, 173025, 194041, 172081, 172072, 173021, 172112, 454029, 172141, 172131, 173019]

"Transportation" : [533022, 533033, 532031, 533021, 533032, 532021, 533031]

"Architecture" : [474041, 173026, 473014, 172031, 172121, 474011, 493011, 472131, 473011, 173023, 499051, 472051, 493042, 173027, 499071, 493021, 172011, 473015, 172071, 173013, 472221, 472061, 472011, 499052, 173024, 472121, 472132, 172041, 171021, 472071, 472111, 493023, 171012, 492095, 492096, 472021, 492093, 492091, 493043, 472053, 492092, 473019, 472171, 493041, 472022, 172111, 474091, 499062, 499043, 173022, 172051, 474021, 472044, 473016, 472031, 472072, 472073, 493031, 499044, 499021, 172021, 499041, 493022, 473013, 473012, 472082, 472042, 173012, 173011, 492094, 172061, 472041, 171011, 173025, 172081, 172072, 173021, 172112, 172141, 472043, 172131, 173019, 472081]

"Teaching" : [194021, 151143, 193092, 151152, 271013, 151131, 194091, 194092, 271019, 151151, 151121, 194031, 193093, 271024, 271025, 152011, 194011, 271022, 271023, 193011, 151122, 193091, 151111, 271011, 271021, 271012, 152021, 151141, 194041]],







WhichInterestsStyle.IdeaExpressed: [

"History & Society" : [273041, 273012, 273011, 273091],

"Art" : [271013, 271019, 271011, 271012],

"Sports" : [272031, 272022, 272011, 272032, 272021],

"Teaching" : [252032, 252031, 252012, 252021, 252022, 252023],

WhichInterestsStyle.IdeaExpressed[Health] : [211091, 211094, 211014, 211013]],


WhichInterestsStyle.IdeaFormed: [

"Law" : [232091, 231022, 231023, 231011, 231021],

"History & Society" : [273041, 193092, 273012, 273011, 193093, 273091, 193011, 193091],

"Teaching" : [251194],

"Health" : [319091, 211091, 291181, 211094, 311011, 211014, 291128, 319094, 319092, 319011, 211013],

"Leadership" : [119071, 119032, 119161, 113011, 113111, 119111, 119013, 113121, 113051, 112021, 119021, 119081, 119041, 113021, 119061, 113031, 112011, 119051]]